100 100
66 66
96 100
6 66
3 75
66 8
100 100
54 66
7 21
66 73
64 96
12 66
11 65
66 60
52 92
51 66
15 47
66 56
64 94
48 66
15 69
66 22
36 96
51 66
23 17
66 85
92 92
52 66
19 35
66 65
76 76
58 66
31 5
66 64
56 90
51 66
11 17
66 66
68 92
58 66
15 3
66 80
76 64
48 66
39 35
66 73
92 64
48 66
47 29
66 86
92 96
50 66
43 45
66 78
100 76
48 66
47 9
66 76
96 78
48 66
35 5
66 88
76 42
58 66
31 29
66 99
76 52
51 66
23 23
66 85
100 36
58 66
47 5
66 78
92 62
52 66
67 17
66 96
100 40
51 66
15 17
66 85
96 88
48 66
47 11
66 90
100 62
51 66
39 5
66 92
100 76
12 66
55 5
66 94
100 28
54 66
95 5
66 96
100 78
6 66
95 1
